# FR-IGR Residual Tracker (Multiblock)
Time, L2_rho, L2_rhou, L2_rhov, L2_E
1.000584e-02, 1.694796e+01, 3.550737e+01, 1.703329e+01, 2.241574e+02
2.000437e-02, 3.929400e+01, 3.380975e+01, 2.061404e+01, 4.206606e+02
3.003754e-02, 2.366447e+01, 4.043606e+01, 2.700816e+01, 3.039103e+02
4.000631e-02, 4.937001e+01, 7.412809e+01, 2.787029e+01, 6.550192e+02
5.003896e-02, 2.459013e+01, 3.921958e+01, 3.659666e+01, 2.926690e+02
6.001874e-02, 4.237855e+01, 6.634136e+01, 3.802900e+01, 5.460833e+02
7.002112e-02, 2.788247e+01, 4.688403e+01, 4.194019e+01, 3.305137e+02
8.002672e-02, 4.190044e+01, 6.874305e+01, 4.554573e+01, 5.412620e+02
9.004269e-02, 2.803815e+01, 4.634968e+01, 4.507472e+01, 3.179136e+02
1.000000e-01, 3.639498e+01, 5.423498e+01, 4.872947e+01, 4.258548e+02
1.100203e-01, 3.254794e+01, 5.336804e+01, 5.350408e+01, 3.751820e+02
1.200143e-01, 3.230645e+01, 4.820915e+01, 5.222331e+01, 3.458889e+02
1.300177e-01, 3.466389e+01, 5.543705e+01, 5.784721e+01, 3.915327e+02
1.400483e-01, 3.094081e+01, 5.237499e+01, 5.604564e+01, 3.387747e+02
1.500201e-01, 2.987776e+01, 5.023950e+01, 5.487147e+01, 3.135347e+02
1.600371e-01, 3.661576e+01, 5.486242e+01, 5.857427e+01, 3.938512e+02
1.700454e-01, 3.196384e+01, 5.242025e+01, 5.280255e+01, 3.371231e+02
1.800309e-01, 3.192087e+01, 5.671394e+01, 6.025302e+01, 3.326505e+02
1.900169e-01, 3.039803e+01, 5.469100e+01, 5.680754e+01, 3.092995e+02
2.000542e-01, 3.227517e+01, 5.351095e+01, 5.273225e+01, 3.150409e+02
2.100433e-01, 3.527180e+01, 5.966725e+01, 6.113382e+01, 3.549605e+02
2.200306e-01, 3.365568e+01, 5.822688e+01, 5.703226e+01, 3.342497e+02
2.300252e-01, 3.276371e+01, 5.799960e+01, 5.588784e+01, 3.235751e+02
2.400280e-01, 3.001472e+01, 5.556324e+01, 5.000756e+01, 2.939553e+02
2.500341e-01, 3.142290e+01, 6.236027e+01, 5.762203e+01, 3.133150e+02
2.600164e-01, 2.988691e+01, 5.681970e+01, 5.121484e+01, 2.844143e+02
2.700464e-01, 3.447201e+01, 6.272451e+01, 5.831412e+01, 3.286275e+02
2.800450e-01, 3.354736e+01, 5.695988e+01, 5.268656e+01, 3.132308e+02
2.900196e-01, 3.474316e+01, 6.196032e+01, 5.576591e+01, 3.316074e+02
3.000542e-01, 3.264310e+01, 5.913503e+01, 5.145277e+01, 3.095457e+02
3.100288e-01, 3.364579e+01, 6.518560e+01, 6.023071e+01, 3.288741e+02
3.200501e-01, 3.196825e+01, 6.149479e+01, 5.348814e+01, 3.083399e+02
3.300392e-01, 3.188165e+01, 5.993391e+01, 5.288062e+01, 3.046480e+02
3.400467e-01, 3.269543e+01, 6.610032e+01, 5.743493e+01, 3.204815e+02
3.500519e-01, 3.190609e+01, 6.396449e+01, 5.801904e+01, 3.108201e+02
3.600441e-01, 2.981034e+01, 6.119319e+01, 5.050466e+01, 2.838873e+02
3.700113e-01, 3.263748e+01, 6.369374e+01, 5.533240e+01, 3.040517e+02
3.800305e-01, 3.320850e+01, 6.236287e+01, 5.346622e+01, 3.065236e+02
3.900101e-01, 3.351042e+01, 6.274738e+01, 5.544701e+01, 3.122427e+02
4.000542e-01, 3.358669e+01, 6.015652e+01, 5.468437e+01, 3.096416e+02
4.100180e-01, 3.555521e+01, 6.651126e+01, 5.796935e+01, 3.339065e+02
4.200048e-01, 3.464496e+01, 6.259527e+01, 5.595956e+01, 3.236847e+02
4.300161e-01, 3.478716e+01, 6.957201e+01, 5.574194e+01, 3.332206e+02
4.400134e-01, 3.505256e+01, 6.800669e+01, 5.942888e+01, 3.349670e+02
4.500384e-01, 3.304467e+01, 6.482443e+01, 5.174936e+01, 3.135251e+02
4.600165e-01, 3.368606e+01, 6.757440e+01, 5.770844e+01, 3.226480e+02
4.700082e-01, 3.226682e+01, 6.208745e+01, 5.328183e+01, 3.022922e+02
4.800479e-01, 3.350879e+01, 6.561092e+01, 5.937893e+01, 3.190232e+02
4.900534e-01, 3.293539e+01, 6.439331e+01, 5.706551e+01, 3.117724e+02
5.000544e-01, 3.179035e+01, 6.156798e+01, 5.365304e+01, 2.984945e+02
5.100102e-01, 3.242910e+01, 6.443106e+01, 5.510994e+01, 3.061737e+02
5.200121e-01, 3.312806e+01, 6.636567e+01, 5.660291e+01, 3.101661e+02
5.300144e-01, 3.472793e+01, 6.506491e+01, 5.696337e+01, 3.190574e+02
5.400229e-01, 3.523890e+01, 6.683999e+01, 5.550632e+01, 3.240785e+02
5.500206e-01, 3.432545e+01, 6.007471e+01, 5.506269e+01, 3.105791e+02
5.600069e-01, 3.518324e+01, 6.256657e+01, 5.528709e+01, 3.217904e+02
5.700238e-01, 3.599149e+01, 6.623053e+01, 5.969065e+01, 3.339205e+02
5.800526e-01, 3.483373e+01, 6.169367e+01, 5.665235e+01, 3.185842e+02
5.900311e-01, 3.473448e+01, 6.095245e+01, 5.472023e+01, 3.170356e+02
6.000534e-01, 3.561032e+01, 6.457514e+01, 5.830698e+01, 3.307730e+02
6.100404e-01, 3.616612e+01, 6.504918e+01, 6.177860e+01, 3.361490e+02
6.200113e-01, 3.476939e+01, 6.130581e+01, 5.665570e+01, 3.195010e+02
6.300380e-01, 3.411840e+01, 6.192772e+01, 5.528978e+01, 3.148097e+02
6.400343e-01, 3.299535e+01, 5.869309e+01, 5.145814e+01, 3.002780e+02
6.500330e-01, 3.430327e+01, 6.266079e+01, 5.714247e+01, 3.173423e+02
6.600320e-01, 3.377625e+01, 6.296124e+01, 5.542089e+01, 3.116786e+02
6.700246e-01, 3.483894e+01, 6.306806e+01, 6.115367e+01, 3.217280e+02
6.800201e-01, 3.318767e+01, 6.095556e+01, 5.416958e+01, 3.043065e+02
6.900078e-01, 3.398683e+01, 6.459397e+01, 5.860642e+01, 3.178257e+02
7.000519e-01, 3.191883e+01, 5.641059e+01, 5.337811e+01, 2.895320e+02
7.100516e-01, 3.368944e+01, 6.174605e+01, 5.810928e+01, 3.095101e+02
7.200327e-01, 3.326919e+01, 6.130298e+01, 5.805554e+01, 3.066550e+02
7.300068e-01, 3.184926e+01, 5.763847e+01, 5.304635e+01, 2.880822e+02
7.400196e-01, 3.325916e+01, 5.883578e+01, 5.616877e+01, 2.977032e+02
7.500261e-01, 3.449130e+01, 6.060061e+01, 5.839635e+01, 3.092481e+02
7.600112e-01, 3.323604e+01, 5.995697e+01, 5.615249e+01, 3.003641e+02
7.700019e-01, 3.231380e+01, 5.857657e+01, 5.694252e+01, 2.928013e+02
7.800055e-01, 3.580597e+01, 6.074650e+01, 5.869876e+01, 3.177524e+02
7.900438e-01, 3.587527e+01, 6.245861e+01, 5.856726e+01, 3.218368e+02
8.000511e-01, 3.386595e+01, 5.769328e+01, 5.572407e+01, 3.000428e+02
8.100310e-01, 3.500376e+01, 6.018652e+01, 5.692174e+01, 3.120130e+02
8.200294e-01, 3.492325e+01, 5.827837e+01, 5.497425e+01, 3.063192e+02
8.300490e-01, 3.488075e+01, 5.939694e+01, 5.552481e+01, 3.106412e+02
8.400332e-01, 3.634402e+01, 6.233994e+01, 6.020470e+01, 3.247665e+02
8.500103e-01, 3.450527e+01, 5.668047e+01, 5.539097e+01, 3.038148e+02
8.600144e-01, 3.490000e+01, 5.765447e+01, 5.524163e+01, 3.072387e+02
8.700103e-01, 3.559097e+01, 5.938682e+01, 5.717600e+01, 3.175855e+02
8.800443e-01, 3.732138e+01, 6.357775e+01, 6.296848e+01, 3.364506e+02
8.900393e-01, 3.576141e+01, 5.775696e+01, 5.855875e+01, 3.161253e+02
